4294967278,132
4294967278,131
4294967278,130
4294967278,129
4294967278,358
4294967278,127
4294967278,126
4294967278,125
4294967278,124
4294967278,123
4294967278,122
4294967278,121
4294967278,120
4294967278,119
4294967278,118
4294967278,117
4294967278,116
4294967278,115
4294967278,114
4294967278,113
4294967278,112
4294967278,109
4294967278,107
4294967278,106
4294967278,394
4294967278,105
4294967278,104
4294967278,103
4294967278,102
4294967278,101
4294967278,100
4294967278,99
4294967278,98
4294967278,97
4294967278,96
4294967278,94
4294967278,93
4294967278,92
4294967278,91
4294967278,90
4294967278,89
4294967278,87
4294967278,86
4294967278,85
4294967278,84
4294967278,83
4294967278,82
4294967278,81
4294967278,80
4294967278,79
4294967278,78
4294967278,77
4294967278,76
4294967278,75
4294967278,73
4294967278,71
4294967278,70
4294967278,69
4294967278,67
4294967278,66
4294967278,65
4294967278,64
4294967278,63
4294967278,62
4294967278,61
4294967278,59
4294967278,57
4294967278,56
4294967278,54
4294967278,51
4294967278,50
4294967278,49
4294967278,45
4294967278,44
4294967278,42
4294967278,40
4294967278,37
4294967278,35
4294967278,28
4294967278,21
4294967279,126
4294967279,281
4294967279,80
4294967279,79
4294967279,77
4294967279,76
4294967279,75
4294967279,71
4294967279,69
4294967279,67
4294967279,65
4294967279,64
4294967279,63
4294967279,62
4294967279,59
4294967279,56
4294967279,55
4294967279,54
4294967279,53
4294967279,51
4294967279,50
4294967279,49
4294967279,48
4294967279,44
4294967279,43
4294967279,42
4294967279,41
4294967279,39
4294967279,38
4294967279,4
4294967278,416
4294967279,32
4294967279,528
4294967279,550
4294967278,301
4294967279,31
4294967279,366
4294967278,30
4294967278,371
4294967279,30
4294967279,29
4294967279,339
4294967279,28
4294967279,27
4294967279,307
4294967279,561
4294967278,134
4294967278,133
4294967278,390
4294967279,19
4294967278,18
4294967279,17
4294967278,300
4294967279,15
4294967279,14
4294967278,12
4294967278,13
4294967278,10
4294967278,296
4294967278,347
4294967279,9
4294967279,7
4294967279,5
4294967279,6
4294967278,295
4294967279,244
4294967294,1074
4294967279,289
4294967278,351
4294967279,125
4294967279,540
4294967278,253
4294967278,248
4294967279,243
4294967294,1030
4294967294,1038
4294967294,1027
4294967278,236
4294967278,234
4294967279,233
4294967279,231
4294967278,224
4294967278,294
4294967278,211
4294967278,210
4294967278,292
4294967279,210
4294967278,207
4294967294,396
4294967294,385
4294967294,168
4294967294,386
4294967294,402
4294967278,233
4294967278,200
4294967278,199
4294967278,198
4294967279,194
4294967294,165
4294967279,73
4294967279,548
4294967278,72
4294967278,185
4294967278,356
4294967279,547
4294967279,539
4294967279,72
4294967278,184
4294967278,337
4294967278,182
4294967279,181
4294967279,180
4294967279,529
4294967278,176
4294967278,324
4294967279,175
4294967278,58
4294967294,387
4294967278,305
4294967279,171
4294967294,507
4294967278,291
4294967278,168
4294967279,166
4294967279,532
4294967278,332
4294967279,545
4294967278,41
4294967279,150
4294967279,373
4294967279,295
4294967278,145
4294967279,142
4294967278,290
4294967294,1044
4294967294,407
4294967294,111
4294967294,464
4294967294,108
4294967278,335
4294967279,23
4294967279,134
4294967279,321
901,4
901,3
901,2
901,1
4294967278,273
4294967278,367
4294967279,313
4294967279,546
4294967278,359
4294967279,378
4294967278,281
4294967278,432
4294967279,284
4294967278,380
4294967278,128
4294967278,293
4294967278,243
4294967278,377
4294967278,241
4294967278,111
4294967278,110
4294967278,108
4294967278,326
4294967278,235
4294967278,376
4294967278,381
4294967278,385
4294967278,410
4294967278,271
4294967278,420
4294967278,74
4294967278,68
4294967278,266
4294967278,60
4294967278,27
4294967278,272
4294967278,283
4294967279,128
4294967279,320
4294967279,123
4294967279,312
4294967279,112
4294967279,569
4294967279,535
4294967279,337
4294967279,276
4294967279,310
4294967279,517
4294967279,352
4294967279,68
4294967279,66
4294967279,355
4294967279,260
4294967279,60
4294967279,46
4294967279,45
4294967279,40
4294967279,37
4294967279,36
4294967279,350
4294967279,35
4294967279,34
4294967279,25
4294967279,22
4294967279,21
4294967279,20
4294967279,13
4294967279,12
4294967279,8
4294967279,11
4294967279,259
4294967279,306
4294967278,309
4294967279,544
4294967278,378
4294967279,278
4294967279,538
4294967278,431
4294967278,352
4294967278,389
4294967278,289
4294967279,559
4294967279,541
4294967278,349
4294967279,248
4294967278,239
4294967278,227
4294967279,302
4294967278,232
4294967278,230
4294967279,229
4294967278,228
4294967279,227
4294967279,537
4294967278,226
4294967278,222
4294967279,217
4294967279,221
4294967279,219
4294967278,218
4294967279,215
4294967278,214
4294967279,311
4294967278,213
4294967279,213
4294967279,212
4294967278,286
4294967279,309
4294967278,95
4294967278,137
4294967278,206
4294967278,201
4294967278,329
4294967278,260
4294967278,284
4294967278,197
4294967294,1028
4294967294,1040
4294967294,1035
4294967294,1042
4294967294,197
4294967278,196
4294967278,282
4294967278,191
4294967278,193
4294967279,193
4294967278,192
4294967279,333
4294967279,188
4294967278,187
4294967278,428
4294967294,400
4294967294,116
4294967294,455
4294967279,299
4294967278,442
4294967278,183
4294967279,70
4294967278,375
4294967279,335
4294967278,231
4294967279,61
4294967294,1417
4294967294,1416
4294967278,172
4294967278,336
4294967279,57
4294967294,1418
4294967294,392
4294967279,58
4294967279,226
4294967279,342
4294967294,50
4294967279,52
4294967279,273
4294967279,536
4294967279,47
4294967294,506
4294967279,149
4294967279,379
4294967278,365
4294967279,33
4294967279,375
4294967278,280
4294967278,404
4294967279,380
4294967278,403
4294967279,26
4294967279,280
4294967279,24
4294967279,347
4294967279,18
4294967279,383
4294967294,185
4294967294,1046
4294967294,1045
4294967294,1039
4294967294,194
